9780679722762
9798745274824
9780142437346
9780679723165
9780060850524
9789390492572
9781606869673
9781501161315
9781853260476
9780143039433
9780061120152
9780375752490
9791280035356
9780679724773
9780156907392
9780593313329
9781561373734
9780812988529
9780451531674
9780060837563
9780143105480
9780143107071
9781883011147
9798600496651
9780156711425
9780141441283
9780199538546
9781982147716
9780814907917
9781650823645
9780151010264
9780141441276
9781420957792
9780316216265
9780393931389
9780156012959
9780060757502
9781951570187
9780345806543
9780142437995
9780399501487
9780385313872
9780000001191
9781564781314
9781501121968
9780141441580
9798638426507
9780141441382
9780141441542
9780141399133
9780312265052
9780679756453
9780679723424
9780679732266
9780140283297
9780679722649
9780307744203
9798679764057
9781671518360
9780374214524
9780679728894
9780812984316
9780593081778
9780671006914
9780393341768
9781517624811
9781673303056
9780553214512
9780140187298
9780140153170
9780940322158
9780141182834
9783754110904
9781124000138
9780316216371
9780061711299
9780141181264
9781774261019
9798657103144
9780316216456
9780143039570
9781101872765
9780679722021
9780385720175
9798638284138
9780812978186
9781979888790
9781954839144
9781681370149
9780812976533
9781365938115
9780140070200
9780316296199
9780393352566
9780140014457
9780679736370
9780062351487
9780679723257
9780802144669
9781420964790